{
  "generated_at": "2026-05-06T16:38:20",
  "source_root_folder": "/Users/woo/Documents/GitHub/Robot-Lab/rb-ArucoCube_Robot_multi_calibration/data/session",
  "source_calib_dir": "/Users/woo/Documents/GitHub/Robot-Lab/rb-ArucoCube_Robot_multi_calibration/data/session/calib_out",
  "cube_config_source": "config_py:CubeConfig",
  "cube_config_used": {
    "cube_side_m": 0.03,
    "marker_size_m": 0.022,
    "dictionary_name": "DICT_4X4_50",
    "marker_ids": [
      0,
      1,
      2,
      3,
      4
    ],
    "id_to_face": {
      "0": "+Z",
      "1": "+X",
      "2": "+Y",
      "3": "-X",
      "4": "-Y"
    },
    "corner_reorder": {
      "0": [
        0,
        1,
        2,
        3
      ],
      "1": [
        0,
        1,
        2,
        3
      ],
      "2": [
        0,
        1,
        2,
        3
      ],
      "3": [
        0,
        1,
        2,
        3
      ],
      "4": [
        0,
        1,
        2,
        3
      ]
    },
    "face_roll_deg": {
      "0": 0.0,
      "1": 270.0,
      "2": 0.0,
      "3": 90.0,
      "4": 180.0
    },
    "marker_pose_4x4": {}
  },
  "verification": {
    "cross_camera": {
      "events_with_2plus_cams": 19,
      "num_errors": 41,
      "mean_mm": 2.018854343242283,
      "median_mm": 1.8771556886234397,
      "max_mm": 3.94338096444715,
      "std_mm": 0.9039776474989862,
      "pass": true
    },
    "reprojection": {
      "total_observations": 76,
      "mean_px": 0.6020763897780372,
      "median_px": 0.6212408672182099,
      "max_px": 1.0588161678348937,
      "lt_1px_count": 75,
      "pass": true
    },
    "handeye": {
      "frames": 19,
      "board_position_std_mm": 0.4641222728805515,
      "board_position_max_mm": 2.2254525624297465,
      "board_rotation_mean_deg": 0.6499899160001084,
      "board_rotation_max_deg": 0.8179057031837231,
      "pass": true
    },
    "board_reprojection": {
      "total_frames": 57,
      "mean_px": 0.430008255337414,
      "median_px": 0.35363954305648804,
      "max_px": 0.8005282282829285,
      "pass": true,
      "per_camera": {
        "cam0": {
          "frames": 19,
          "mean_px": 0.6403255070510664
        },
        "cam1": {
          "frames": 0,
          "mean_px": null
        },
        "cam2": {
          "frames": 19,
          "mean_px": 0.31175333183062703
        },
        "cam3": {
          "frames": 19,
          "mean_px": 0.33794592713054855
        }
      }
    },
    "pose_repeatability": {
      "num_events": 19,
      "mean_dt_mm": 2.0220641305095692,
      "mean_dr_deg": 0.5168620808609897,
      "max_dt_mm": 4.05946547044602,
      "max_dr_deg": 0.9473199798422262,
      "pass": true
    },
    "mesh_alignment": {
      "usable_clouds": 40,
      "usable_events": 19,
      "mean_rmse_mm": 2.497202797263954,
      "median_rmse_mm": 2.9274963963972174,
      "max_rmse_mm": 4.259793525543695,
      "pass": true
    },
    "dimension_accuracy": {
      "usable_events": 14,
      "mean_abs_err_mm": 1.8725175138669494,
      "median_abs_err_mm": 1.363330764731197,
      "max_abs_err_mm": 6.019725361609697,
      "pass": true
    },
    "candidate_summary": {
      "total": 81,
      "selected": 76,
      "accepted": 76
    }
  },
  "usable_transforms": {
    "T_gripper_cam": {
      "matrix_4x4": [
        [
          -0.9999344990207106,
          -0.006635741521949478,
          0.009325481363055946,
          0.03214438204365684
        ],
        [
          0.008543533058044232,
          -0.9749273560738456,
          0.22235930028165102,
          0.03173443992874386
        ],
        [
          0.00761614804772948,
          0.2224244080880361,
          0.9749201900543458,
          -0.1136525442412319
        ],
        [
          0.0,
          0.0,
          0.0,
          1.0
        ]
      ],
      "translation_mm": [
        32.14438204365684,
        31.734439928743864,
        -113.65254424123191
      ],
      "rotation_rz_ry_rx_deg": [
        179.5104714601419,
        -0.4363773580808635,
        12.851849293887941
      ],
      "quality_tier": "production",
      "status_reason": "hand-eye DANIILIDIS: 6.46mm / 0.824deg"
    },
    "T_base_C3": {
      "matrix_4x4": [
        [
          -0.9328471843680503,
          -0.0048537042895716856,
          0.36023960383510034,
          -0.2485821125263722
        ],
        [
          -0.3549824267697165,
          0.1831024329236974,
          -0.9167665873831278,
          0.9600013415672582
        ],
        [
          -0.06151103397995811,
          -0.9830818585510018,
          -0.17252956873134603,
          0.11928890974989347
        ],
        [
          0.0,
          0.0,
          0.0,
          1.0
        ]
      ],
      "translation_mm": [
        -248.58211252637219,
        960.0013415672582,
        119.28890974989346
      ],
      "rotation_rz_ry_rx_deg": [
        -159.16635194959179,
        3.5265488752090346,
        -99.95396640509635
      ],
      "quality_tier": "provisional",
      "status_reason": "cube_anchor_primary+board_refined(a=0.45) support=19/19 signature=[]/n/a + verified provisional"
    }
  },
  "excluded_transforms": {
    "T_C0_C0": {
      "matrix_4x4": [
        [
          1.0,
          0.0,
          0.0,
          0.0
        ],
        [
          0.0,
          1.0,
          0.0,
          0.0
        ],
        [
          0.0,
          0.0,
          1.0,
          0.0
        ],
        [
          0.0,
          0.0,
          0.0,
          1.0
        ]
      ],
      "translation_mm": [
        0.0,
        0.0,
        0.0
      ],
      "rotation_rz_ry_rx_deg": [
        0.0,
        -0.0,
        0.0
      ],
      "quality_tier": "diagnostic",
      "status_reason": "unsupported"
    },
    "T_C0_C1": {
      "matrix_4x4": [
        [
          -0.7020746085373724,
          0.14745582190308082,
          -0.6966692361759498,
          0.28396424360614775
        ],
        [
          -0.19559173515106137,
          0.9007678529525269,
          0.3877642946789858,
          -0.15002112470813775
        ],
        [
          0.6847153548648459,
          0.4085022101215379,
          -0.6035650976805459,
          0.8076852456004864
        ],
        [
          0.0,
          0.0,
          0.0,
          1.0
        ]
      ],
      "translation_mm": [
        283.96424360614776,
        -150.02112470813776,
        807.6852456004864
      ],
      "rotation_rz_ry_rx_deg": [
        -164.43263643242187,
        -43.21322553341535,
        145.90924932184018
      ],
      "quality_tier": "production",
      "status_reason": "derived from PASS T_base_C0 and T_base_C1"
    },
    "T_C0_C3": {
      "matrix_4x4": [
        [
          -0.4598633538818149,
          -0.1453832151042255,
          0.8760076577990222,
          -0.4287444927468056
        ],
        [
          0.23398446284380836,
          0.9318043242774832,
          0.2774742734119289,
          -0.16091592478606903
        ],
        [
          -0.8566078256146532,
          0.3325724312442961,
          -0.3944852482311531,
          0.6887744104688285
        ],
        [
          0.0,
          0.0,
          0.0,
          1.0
        ]
      ],
      "translation_mm": [
        -428.7444927468056,
        -160.91592478606904,
        688.7744104688285
      ],
      "rotation_rz_ry_rx_deg": [
        153.03241530679554,
        58.937816939786586,
        139.8672971806709
      ],
      "quality_tier": "provisional",
      "status_reason": "derived from T_base_C0 and T_base_C3"
    },
    "T_base_O": {
      "matrix_4x4": [
        [
          -0.9946823395744976,
          -0.1028090527120476,
          0.0061108116528157674,
          -0.10824011792783284
        ],
        [
          0.1028611814701371,
          -0.9946555875522509,
          0.008935295051307333,
          0.46221632539980706
        ],
        [
          0.0051595237350251,
          0.00951634549277328,
          0.999941407525106,
          0.00043090095365964
        ],
        [
          0.0,
          0.0,
          0.0,
          1.0
        ]
      ],
      "translation_mm": [
        -108.24011792783284,
        462.21632539980703,
        0.43090095365964
      ],
      "rotation_rz_ry_rx_deg": [
        174.09596712569459,
        -0.29562024592665564,
        0.5452619210117504
      ],
      "quality_tier": "diagnostic",
      "status_reason": "compatibility average across 7 set_index groups; use T_base_O_set*"
    },
    "T_base_C0": {
      "matrix_4x4": [
        [
          0.7370551644750353,
          -0.12884455269758158,
          0.6634370850056835,
          -0.4047665516595649
        ],
        [
          -0.6757835407861229,
          -0.15233242877808972,
          0.7211875187114227,
          0.15087616201555581
        ],
        [
          0.008141899240919931,
          -0.9798948476151548,
          -0.19934843138089214,
          0.10793033980211238
        ],
        [
          0.0,
          0.0,
          0.0,
          1.0
        ]
      ],
      "translation_mm": [
        -404.76655165956487,
        150.87616201555582,
        107.93033980211237
      ],
      "rotation_rz_ry_rx_deg": [
        -42.516767456507154,
        -0.4665016179283482,
        -101.49924602113292
      ],
      "quality_tier": "production",
      "status_reason": "cube_anchor_primary+board_refined(a=0.70): 6.66mm / 0.205deg"
    },
    "T_base_C1": {
      "matrix_4x4": [
        [
          -0.05396484970942052,
          0.2649013472446419,
          -0.962764286429349,
          0.3524176887616662
        ],
        [
          0.9979777084277415,
          0.046741831585062205,
          -0.04307777456401597,
          0.5695416886989435
        ],
        [
          0.03359000561408443,
          -0.963141981956994,
          -0.26688805539926,
          0.10018345036852187
        ],
        [
          0.0,
          0.0,
          0.0,
          1.0
        ]
      ],
      "translation_mm": [
        352.41768876166617,
        569.5416886989435,
        100.18345036852187
      ],
      "rotation_rz_ry_rx_deg": [
        93.09520917338843,
        -1.924927650240849,
        -105.48813070301665
      ],
      "quality_tier": "production",
      "status_reason": "cube_anchor_primary: 2.31mm / 0.044deg"
    }
  }
}