{
  "root_folder": "/home/sprout/Desktop/**jiwoo/rb-ArucoCube_Robot_multi_calibration/data/session_manual",
  "gripper_cam_idx": 2,
  "n_fixed_cams": 3,
  "n_gripper_cams": 1,
  "cam_indices": [
    0,
    1,
    2,
    3
  ],
  "captures": [
    {
      "event_id": 0,
      "pose_index": 0,
      "cams": {
        "0": {
          "is_gripper": false,
          "rgb_path": "cam0/rgb_00000.jpg",
          "depth_path": "cam0/depth_00000.png",
          "ts_ms": 1773943497603.4873,
          "n_markers_detected": 3,
          "marker_ids": [
            2,
            1,
            0
          ],
          "cube_visible": true,
          "markers": [
            {
              "marker_id": 1,
              "face": "+Z",
              "corners_2d": [
                [
                  357.0,
                  332.0
                ],
                [
                  386.0,
                  343.0
                ],
                [
                  388.0,
                  387.0
                ],
                [
                  359.0,
                  374.0
                ]
              ],
              "rvec": [
                2.3981333792950026,
                0.29032877288763,
                1.0409852046235
              ],
              "tvec": [
                -0.01499566420427159,
                -0.03852216477685264,
                -0.2074658833135336
              ],
              "reproj_error_mean_px": 92.03638914389875,
              "reproj_error_max_px": 142.95224397658544,
              "T_cam_cube_4x4": [
                [
                  0.683974986197526,
                  -0.005217649000233748,
                  0.7294868020704726,
                  -0.01499566420427159
                ],
                [
                  0.382002961767042,
                  -0.8493521916822216,
                  -0.36424523563914235,
                  -0.03852216477685264
                ],
                [
                  0.6214917179313835,
                  0.5278007489796854,
                  -0.5789424962111357,
                  -0.2074658833135336
                ],
                [
                  0.0,
                  0.0,
                  0.0,
                  1.0
                ]
              ]
            },
            {
              "marker_id": 0,
              "face": "+Y",
              "corners_2d": [
                [
                  363.0,
                  322.0
                ],
                [
                  397.0,
                  314.0
                ],
                [
                  426.0,
                  323.0
                ],
                [
                  392.0,
                  332.0
                ]
              ],
              "rvec": [
                1.6595016742471518,
                -0.5417533264525927,
                0.40609223803699007
              ],
              "tvec": [
                0.06030505591025476,
                0.053589905611242813,
                0.3660371790810622
              ],
              "reproj_error_mean_px": 37.318122401099956,
              "reproj_error_max_px": 45.52014775643595,
              "T_cam_cube_4x4": [
                [
                  0.825946916768368,
                  -0.5623970192265488,
                  -0.03900363375275989,
                  0.06030505591025476
                ],
                [
                  -0.12031761925604381,
                  -0.1082626919852361,
                  -0.9868145013226486,
                  0.053589905611242813
                ],
                [
                  0.5507588956861107,
                  0.8197492191452229,
                  -0.1570855070762831,
                  0.3660371790810622
                ],
                [
                  0.0,
                  0.0,
                  0.0,
                  1.0
                ]
              ]
            }
          ]
        },
        "1": {
          "is_gripper": false,
          "rgb_path": "cam1/rgb_00000.jpg",
          "depth_path": "cam1/depth_00000.png",
          "ts_ms": 1773943497690.4575,
          "n_markers_detected": 1,
          "marker_ids": [
            4
          ],
          "cube_visible": true,
          "markers": []
        },
        "2": {
          "is_gripper": true,
          "rgb_path": "cam2/rgb_00000.jpg",
          "depth_path": "cam2/depth_00000.png",
          "ts_ms": 1773943497679.0269,
          "n_markers_detected": 1,
          "marker_ids": [
            0
          ],
          "cube_visible": true,
          "markers": [
            {
              "marker_id": 0,
              "face": "+Y",
              "corners_2d": [
                [
                  387.0,
                  316.0
                ],
                [
                  436.0,
                  317.0
                ],
                [
                  436.0,
                  366.0
                ],
                [
                  387.0,
                  365.0
                ]
              ],
              "rvec": [
                2.8686327045418745,
                0.02140353201429551,
                -0.23428975014820577
              ],
              "tvec": [
                0.042635170031180496,
                0.08237863566756529,
                0.3090845306740673
              ],
              "reproj_error_mean_px": 31.71484200777423,
              "reproj_error_max_px": 34.86790683612363,
              "T_cam_cube_4x4": [
                [
                  0.986867898405644,
                  0.03575528904071145,
                  -0.15752241238009193,
                  0.042635170031180496
                ],
                [
                  -0.006620721253087483,
                  -0.965420192131405,
                  -0.26061469389704406,
                  0.08237863566756529
                ],
                [
                  -0.16139367133353613,
                  0.2582351872432884,
                  -0.9525054702850301,
                  0.3090845306740673
                ],
                [
                  0.0,
                  0.0,
                  0.0,
                  1.0
                ]
              ]
            }
          ]
        },
        "3": {
          "is_gripper": false,
          "rgb_path": "cam3/rgb_00000.jpg",
          "depth_path": "cam3/depth_00000.png",
          "ts_ms": 1773943497676.5923,
          "n_markers_detected": 2,
          "marker_ids": [
            4,
            1
          ],
          "cube_visible": true,
          "markers": [
            {
              "marker_id": 1,
              "face": "+Z",
              "corners_2d": [
                [
                  483.0,
                  277.0
                ],
                [
                  492.0,
                  272.0
                ],
                [
                  490.0,
                  296.0
                ],
                [
                  481.0,
                  303.0
                ]
              ],
              "rvec": [
                -2.5864249931097842,
                0.1321431837036472,
                -1.3796554239357652
              ],
              "tvec": [
                -0.21279569821413163,
                -0.05583322490877775,
                -0.8098484667763705
              ],
              "reproj_error_mean_px": 24.982348040788878,
              "reproj_error_max_px": 35.20491140843912,
              "T_cam_cube_4x4": [
                [
                  0.5585944728963068,
                  0.018198964880232982,
                  0.8292412269822244,
                  -0.21279569821413163
                ],
                [
                  -0.17527328686141738,
                  -0.9745927845121446,
                  0.13945672909422355,
                  -0.05583322490877775
                ],
                [
                  0.8107104845519714,
                  -0.22324359353440001,
                  -0.5412123503610715,
                  -0.8098484667763705
                ],
                [
                  0.0,
                  0.0,
                  0.0,
                  1.0
                ]
              ]
            }
          ],
          "cube_pnp": {
            "ok": true,
            "rvec": [
              -0.3788909090417024,
              1.4180898915509732,
              -0.0956199682725118
            ],
            "tvec": [
              0.25359727949063854,
              0.0680124229573915,
              1.0825735923156752
            ],
            "used_ids": [
              4,
              1
            ],
            "reproj_mean_px": 1.9329727763558067,
            "T_cam_cube_4x4": [
              [
                0.15942017873337605,
                -0.1588909651280529,
                0.9743402217979581,
                0.25359727949063854
              ],
              [
                -0.2882549611104817,
                0.9364603764396725,
                0.19987756440796747,
                0.0680124229573915
              ],
              [
                -0.9441897500014566,
                -0.31272291978545863,
                0.10348957161494342,
                1.0825735923156752
              ],
              [
                0.0,
                0.0,
                0.0,
                1.0
              ]
            ]
          }
        }
      },
      "robot_pose_6dof": [
        -179.99200000000002,
        374.856,
        165.501,
        -179.99956148160675,
        -0.00011459155902616463,
        179.99956148160675
      ],
      "capture_pose_6dof": [
        -179.99200000000002,
        374.856,
        165.501,
        -179.99956148160675,
        -0.00011459155902616463,
        179.99956148160675
      ],
      "robot_pose_matrix_4x4": [
        [
          -0.9999999999687113,
          -7.653574485243996e-06,
          -2.000058577318226e-06,
          -0.179992
        ],
        [
          -7.653589792632436e-06,
          0.9999999999414227,
          7.653574485243996e-06,
          0.37485599999999997
        ],
        [
          1.9999999999986667e-06,
          7.653589792632436e-06,
          -0.9999999999687113,
          0.165501
        ],
        [
          0.0,
          0.0,
          0.0,
          1.0
        ]
      ],
      "capture_pose_matrix_4x4": [
        [
          -0.9999999999687113,
          -7.653574485243996e-06,
          -2.000058577318226e-06,
          -0.179992
        ],
        [
          -7.653589792632436e-06,
          0.9999999999414227,
          7.653574485243996e-06,
          0.37485599999999997
        ],
        [
          1.9999999999986667e-06,
          7.653589792632436e-06,
          -0.9999999999687113,
          0.165501
        ],
        [
          0.0,
          0.0,
          0.0,
          1.0
        ]
      ]
    },
    {
      "event_id": 1,
      "pose_index": 1,
      "cams": {
        "0": {
          "is_gripper": false,
          "rgb_path": "cam0/rgb_00001.jpg",
          "depth_path": "cam0/depth_00001.png",
          "ts_ms": 1773943647042.5835,
          "n_markers_detected": 3,
          "marker_ids": [
            2,
            1,
            0
          ],
          "cube_visible": true,
          "markers": [
            {
              "marker_id": 1,
              "face": "+Z",
              "corners_2d": [
                [
                  258.0,
                  296.0
                ],
                [
                  276.0,
                  303.0
                ],
                [
                  278.0,
                  336.0
                ],
                [
                  260.0,
                  328.0
                ]
              ],
              "rvec": [
                -2.640859543273012,
                -0.07373126606468583,
                1.3142530068034022
              ],
              "tvec": [
                0.04089552005355786,
                -0.0501796481256573,
                -0.42450130794896146
              ],
              "reproj_error_mean_px": 45.28669223852509,
              "reproj_error_max_px": 69.14603501832097,
              "T_cam_cube_4x4": [
                [
                  0.6056050846575927,
                  -0.04017201800409479,
                  -0.7947507095978896,
                  0.04089552005355786
                ],
                [
                  0.12881321411738944,
                  -0.9806044722695109,
                  0.14772279727172033,
                  -0.0501796481256573
                ],
                [
                  -0.7852704230426726,
                  -0.19183607047297668,
                  -0.5886843676877019,
                  -0.42450130794896146
                ],
                [
                  0.0,
                  0.0,
                  0.0,
                  1.0
                ]
              ]
            },
            {
              "marker_id": 0,
              "face": "+Y",
              "corners_2d": [
                [
                  263.0,
                  288.0
                ],
                [
                  291.0,
                  282.0
                ],
                [
                  311.0,
                  287.0
                ],
                [
                  285.0,
                  293.0
                ]
              ],
              "rvec": [
                1.6308851759156697,
                -0.646290603974906,
                0.5015015184362713
              ],
              "tvec": [
                -0.015943399291365123,
                0.04231470713626625,
                0.5333447374707211
              ],
              "reproj_error_mean_px": 26.91961007392814,
              "reproj_error_max_px": 32.20533000696678,
              "T_cam_cube_4x4": [
                [
                  0.7485148735700462,
                  -0.6621665051007857,
                  -0.035510612033994915,
                  -0.015943399291365123
                ],
                [
                  -0.1300440672634922,
                  -0.09406950723802415,
                  -0.9870356976206908,
                  0.04231470713626625
                ],
                [
                  0.6502415125274501,
                  0.7434288448335903,
                  -0.1565232508460243,
                  0.5333447374707211
                ],
                [
                  0.0,
                  0.0,
                  0.0,
                  1.0
                ]
              ]
            }
          ]
        },
        "1": {
          "is_gripper": false,
          "rgb_path": "cam1/rgb_00001.jpg",
          "depth_path": "cam1/depth_00001.png",
          "ts_ms": 1773943647129.37,
          "n_markers_detected": 1,
          "marker_ids": [
            0
          ],
          "cube_visible": true,
          "markers": [
            {
              "marker_id": 0,
              "face": "+Y",
              "corners_2d": [
                [
                  232.0,
                  323.0
                ],
                [
                  229.0,
                  332.0
                ],
                [
                  187.0,
                  330.0
                ],
                [
                  192.0,
                  321.0
                ]
              ],
              "rvec": [
                1.2569349057925496,
                1.2356478746102246,
                -1.0619886297816934
              ],
              "tvec": [
                -0.03727967918172163,
                0.0038811519241743965,
                0.03940402431617749
              ],
              "reproj_error_mean_px": 546.3763152340613,
              "reproj_error_max_px": 955.5735968165523,
              "T_cam_cube_4x4": [
                [
                  0.07971838622863131,
                  0.99450149339114,
                  0.06790992961191217,
                  -0.03727967918172163
                ],
                [
                  0.08233984087199375,
                  0.06132427132497126,
                  -0.9947157806889542,
                  0.0038811519241743965
                ],
                [
                  -0.9934108563440796,
                  0.08488882959054983,
                  -0.07699842276611324,
                  0.03940402431617749
                ],
                [
                  0.0,
                  0.0,
                  0.0,
                  1.0
                ]
              ]
            }
          ]
        },
        "2": {
          "is_gripper": true,
          "rgb_path": "cam2/rgb_00001.jpg",
          "depth_path": "cam2/depth_00001.png",
          "ts_ms": 1773943647118.125,
          "n_markers_detected": 1,
          "marker_ids": [
            0
          ],
          "cube_visible": true,
          "markers": [
            {
              "marker_id": 0,
              "face": "+Y",
              "corners_2d": [
                [
                  386.0,
                  316.0
                ],
                [
                  436.0,
                  317.0
                ],
                [
                  435.0,
                  367.0
                ],
                [
                  387.0,
                  366.0
                ]
              ],
              "rvec": [
                2.9242196586989513,
                -0.005188432387014526,
                -0.4597506477709245
              ],
              "tvec": [
                0.04103663736304002,
                0.08129013244879692,
                0.3003244297571339
              ],
              "reproj_error_mean_px": 35.898150330755435,
              "reproj_error_max_px": 44.36629745593305,
              "T_cam_cube_4x4": [
                [
                  0.9521453073225792,
                  0.024592347915715015,
                  -0.3046547721070235,
                  0.04103663736304002
                ],
                [
                  -0.03146146112596397,
                  -0.9835773881984242,
                  -0.17772365596224332,
                  0.08129013244879692
                ],
                [
                  -0.30402218703148864,
                  0.17880362929414717,
                  -0.9357348833637826,
                  0.3003244297571339
                ],
                [
                  0.0,
                  0.0,
                  0.0,
                  1.0
                ]
              ]
            }
          ]
        },
        "3": {
          "is_gripper": false,
          "rgb_path": "cam3/rgb_00001.jpg",
          "depth_path": "cam3/depth_00001.png",
          "ts_ms": 1773943647116.4817,
          "n_markers_detected": 2,
          "marker_ids": [
            4,
            1
          ],
          "cube_visible": true,
          "markers": [
            {
              "marker_id": 1,
              "face": "+Z",
              "corners_2d": [
                [
                  427.0,
                  301.0
                ],
                [
                  440.0,
                  295.0
                ],
                [
                  437.0,
                  325.0
                ],
                [
                  424.0,
                  332.0
                ]
              ],
              "rvec": [
                -2.6004659611463734,
                0.04222129798310729,
                -1.4001849420646182
              ],
              "tvec": [
                -0.10724305420588186,
                -0.06865522585098874,
                -0.6153005328129821
              ],
              "reproj_error_mean_px": 32.08507482937207,
              "reproj_error_max_px": 47.09517934065268,
              "T_cam_cube_4x4": [
                [
                  0.5541305010299027,
                  0.06356703432453063,
                  0.8299991686595428,
                  -0.10724305420588186
                ],
                [
                  -0.11346180110384181,
                  -0.9820070128094522,
                  0.15095908877350983,
                  -0.06865522585098874
                ],
                [
                  0.824661025827352,
                  -0.17782423608788572,
                  -0.5369476078176894,
                  -0.6153005328129821
                ],
                [
                  0.0,
                  0.0,
                  0.0,
                  1.0
                ]
              ]
            }
          ],
          "cube_pnp": {
            "ok": true,
            "rvec": [
              -0.4354635952516468,
              1.267804896387849,
              -0.12719307592476334
            ],
            "tvec": [
              0.12876934237155552,
              0.09424951237223543,
              0.9061677576804842
            ],
            "used_ids": [
              4,
              1
            ],
            "reproj_mean_px": 1.9297333220635098,
            "T_cam_cube_4x4": [
              [
                0.3037204094630879,
                -0.1446793169700682,
                0.9417121684021337,
                0.12876934237155552
              ],
              [
                -0.3288683318730242,
                0.9117349536673722,
                0.24614019288244832,
                0.09424951237223543
              ],
              [
                -0.8942032952112335,
                -0.38445711009451883,
                0.22933206782118895,
                0.9061677576804842
              ],
              [
                0.0,
                0.0,
                0.0,
                1.0
              ]
            ]
          }
        }
      },
      "robot_pose_6dof": [
        -179.99,
        474.843,
        165.502,
        -179.99956148160675,
        -0.00011459155902616463,
        179.99933229848867
      ],
      "capture_pose_6dof": [
        -179.99,
        474.843,
        165.502,
        -179.99956148160675,
        -0.00011459155902616463,
        179.99933229848867
      ],
      "robot_pose_matrix_4x4": [
        [
          -0.9999999999687113,
          -7.653566484948456e-06,
          -2.0000891916001707e-06,
          -0.17999
        ],
        [
          -7.653589792632436e-06,
          0.9999999999028084,
          1.1653574485496904e-05,
          0.474843
        ],
        [
          1.9999999999986667e-06,
          1.1653589792994498e-05,
          -0.9999999999300968,
          0.165502
        ],
        [
          0.0,
          0.0,
          0.0,
          1.0
        ]
      ],
      "capture_pose_matrix_4x4": [
        [
          -0.9999999999687113,
          -7.653566484948456e-06,
          -2.0000891916001707e-06,
          -0.17999
        ],
        [
          -7.653589792632436e-06,
          0.9999999999028084,
          1.1653574485496904e-05,
          0.474843
        ],
        [
          1.9999999999986667e-06,
          1.1653589792994498e-05,
          -0.9999999999300968,
          0.165502
        ],
        [
          0.0,
          0.0,
          0.0,
          1.0
        ]
      ]
    },
    {
      "event_id": 2,
      "pose_index": 2,
      "cams": {
        "0": {
          "is_gripper": false,
          "rgb_path": "cam0/rgb_00002.jpg",
          "depth_path": "cam0/depth_00002.png",
          "ts_ms": 1773943784252.9048,
          "n_markers_detected": 2,
          "marker_ids": [
            2,
            1
          ],
          "cube_visible": true,
          "markers": [
            {
              "marker_id": 1,
              "face": "+Z",
              "corners_2d": [
                [
                  210.0,
                  278.0
                ],
                [
                  223.0,
                  283.0
                ],
                [
                  226.0,
                  313.0
                ],
                [
                  213.0,
                  307.0
                ]
              ],
              "rvec": [
                -2.610422604430411,
                -0.038936542950042716,
                1.3728513481664346
              ],
              "tvec": [
                0.11234363556347489,
                -0.05301022468234353,
                -0.6290561815444642
              ],
              "reproj_error_mean_px": 30.559404537670474,
              "reproj_error_max_px": 45.7325362826318,
              "T_cam_cube_4x4": [
                [
                  0.5703899732665777,
                  -0.06562938830544261,
                  -0.8187478621575792,
                  0.11234363556347489
                ],
                [
                  0.11192889711827052,
                  -0.9812936877841327,
                  0.1566353098918138,
                  -0.05301022468234353
                ],
                [
                  -0.8137119885972188,
                  -0.18098475545103337,
                  -0.552374255290278,
                  -0.6290561815444642
                ],
                [
                  0.0,
                  0.0,
                  0.0,
                  1.0
                ]
              ]
            }
          ],
          "cube_pnp": {
            "ok": true,
            "rvec": [
              -0.3630762435574068,
              -1.249478302400217,
              0.08168018815939354
            ],
            "tvec": [
              -0.14161183511734682,
              0.07357524932206326,
              0.9533984891216039
            ],
            "used_ids": [
              2,
              1
            ],
            "reproj_mean_px": 1.650852003043871,
            "T_cam_cube_4x4": [
              [
                0.32099974945937365,
                0.1360355030399739,
                -0.9372585037009162,
                -0.14161183511734682
              ],
              [
                0.256896203613486,
                0.9400211970599976,
                0.2244203414284614,
                0.07357524932206326
              ],
              [
                0.9115719946422212,
                -0.312817024777345,
                0.2667995644551397,
                0.9533984891216039
              ],
              [
                0.0,
                0.0,
                0.0,
                1.0
              ]
            ]
          }
        },
        "1": {
          "is_gripper": false,
          "rgb_path": "cam1/rgb_00002.jpg",
          "depth_path": "cam1/depth_00002.png",
          "ts_ms": 1773943784339.3135,
          "n_markers_detected": 1,
          "marker_ids": [
            0
          ],
          "cube_visible": true,
          "markers": [
            {
              "marker_id": 0,
              "face": "+Y",
              "corners_2d": [
                [
                  355.0,
                  333.0
                ],
                [
                  360.0,
                  342.0
                ],
                [
                  319.0,
                  339.0
                ],
                [
                  317.0,
                  330.0
                ]
              ],
              "rvec": [
                1.2216542883809125,
                1.2540503999598285,
                -1.0665201318906639
              ],
              "tvec": [
                -0.02851600213876084,
                0.004238002202038142,
                0.04278777477566283
              ],
              "reproj_error_mean_px": 484.6714037790156,
              "reproj_error_max_px": 847.2349076334124,
              "T_cam_cube_4x4": [
                [
                  0.05778761290049245,
                  0.994278226506767,
                  0.08984097110906997,
                  -0.02851600213876084
                ],
                [
                  0.07098169156026912,
                  0.08567154400748239,
                  -0.9937917216452432,
                  0.004238002202038142
                ],
                [
                  -0.9958022852245849,
                  0.06380591541488839,
                  -0.06562479637730301,
                  0.04278777477566283
                ],
                [
                  0.0,
                  0.0,
                  0.0,
                  1.0
                ]
              ]
            }
          ]
        },
        "2": {
          "is_gripper": true,
          "rgb_path": "cam2/rgb_00002.jpg",
          "depth_path": "cam2/depth_00002.png",
          "ts_ms": 1773943784329.9617,
          "n_markers_detected": 1,
          "marker_ids": [
            0
          ],
          "cube_visible": true,
          "markers": [
            {
              "marker_id": 0,
              "face": "+Y",
              "corners_2d": [
                [
                  386.0,
                  316.0
                ],
                [
                  436.0,
                  317.0
                ],
                [
                  436.0,
                  366.0
                ],
                [
                  386.0,
                  365.0
                ]
              ],
              "rvec": [
                2.7466992829724193,
                0.03357062608390525,
                -0.20549137627506306
              ],
              "tvec": [
                0.04191003641124793,
                0.08118424796687948,
                0.3055659567405455
              ],
              "reproj_error_mean_px": 27.907082915784944,
              "reproj_error_max_px": 30.720223179490233,
              "T_cam_cube_4x4": [
                [
                  0.9889952346807208,
                  0.051561667414870616,
                  -0.13867162735117808,
                  0.04191003641124793
                ],
                [
                  -0.004749878114948574,
                  -0.9257545919959259,
                  -0.37809505955030637,
                  0.08118424796687948
                ],
                [
                  -0.14787110751163954,
                  0.37459288547949604,
                  -0.9153219683321417,
                  0.3055659567405455
                ],
                [
                  0.0,
                  0.0,
                  0.0,
                  1.0
                ]
              ]
            }
          ]
        },
        "3": {
          "is_gripper": false,
          "rgb_path": "cam3/rgb_00002.jpg",
          "depth_path": "cam3/depth_00002.png",
          "ts_ms": 1773943784327.086,
          "n_markers_detected": 3,
          "marker_ids": [
            4,
            1,
            0
          ],
          "cube_visible": true,
          "markers": [
            {
              "marker_id": 1,
              "face": "+Z",
              "corners_2d": [
                [
                  372.0,
                  326.0
                ],
                [
                  390.0,
                  317.0
                ],
                [
                  387.0,
                  352.0
                ],
                [
                  370.0,
                  362.0
                ]
              ],
              "rvec": [
                -2.5915191392022563,
                0.06578613550227709,
                -1.4145514212121884
              ],
              "tvec": [
                -0.038656644414631916,
                -0.06666731494642601,
                -0.43279188822666903
              ],
              "reproj_error_mean_px": 46.24277208303461,
              "reproj_error_max_px": 68.11254196866592,
              "T_cam_cube_4x4": [
                [
                  0.5442080233786696,
                  0.05096599903588085,
                  0.8374007966514938,
                  -0.038656644414631916
                ],
                [
                  -0.12846742240157077,
                  -0.9813185461351159,
                  0.14321324098266464,
                  -0.06666731494642601
                ],
                [
                  0.8290559382042797,
                  -0.18551651665966828,
                  -0.5274939557707603,
                  -0.43279188822666903
                ],
                [
                  0.0,
                  0.0,
                  0.0,
                  1.0
                ]
              ]
            },
            {
              "marker_id": 0,
              "face": "+Y",
              "corners_2d": [
                [
                  363.0,
                  316.0
                ],
                [
                  334.0,
                  309.0
                ],
                [
                  354.0,
                  302.0
                ],
                [
                  384.0,
                  309.0
                ]
              ],
              "rvec": [
                -0.7096870926027864,
                2.295175374634655,
                1.5953298165144878
              ],
              "tvec": [
                0.04791886492750028,
                0.05104031018308029,
                0.5446525076481259
              ],
              "reproj_error_mean_px": 25.314827865883192,
              "reproj_error_max_px": 29.793934060088432,
              "T_cam_cube_4x4": [
                [
                  -0.8478459927558248,
                  -0.5262552128946343,
                  -0.0649047260922726,
                  0.04791886492750028
                ],
                [
                  -0.24423279417202098,
                  0.2789381874779795,
                  0.9287323779310307,
                  0.05104031018308029
                ],
                [
                  -0.47064584861530123,
                  0.803273887579898,
                  -0.3650254055726263,
                  0.5446525076481259
                ],
                [
                  0.0,
                  0.0,
                  0.0,
                  1.0
                ]
              ]
            }
          ]
        }
      },
      "robot_pose_6dof": [
        -179.987,
        544.83,
        165.502,
        -179.99956148160675,
        -0.00011459155902616463,
        179.99933229848867
      ],
      "capture_pose_6dof": [
        -179.987,
        544.83,
        165.502,
        -179.99956148160675,
        -0.00011459155902616463,
        179.99933229848867
      ],
      "robot_pose_matrix_4x4": [
        [
          -0.9999999999687113,
          -7.653566484948456e-06,
          -2.0000891916001707e-06,
          -0.179987
        ],
        [
          -7.653589792632436e-06,
          0.9999999999028084,
          1.1653574485496904e-05,
          0.54483
        ],
        [
          1.9999999999986667e-06,
          1.1653589792994498e-05,
          -0.9999999999300968,
          0.165502
        ],
        [
          0.0,
          0.0,
          0.0,
          1.0
        ]
      ],
      "capture_pose_matrix_4x4": [
        [
          -0.9999999999687113,
          -7.653566484948456e-06,
          -2.0000891916001707e-06,
          -0.179987
        ],
        [
          -7.653589792632436e-06,
          0.9999999999028084,
          1.1653574485496904e-05,
          0.54483
        ],
        [
          1.9999999999986667e-06,
          1.1653589792994498e-05,
          -0.9999999999300968,
          0.165502
        ],
        [
          0.0,
          0.0,
          0.0,
          1.0
        ]
      ]
    },
    {
      "event_id": 3,
      "pose_index": 3,
      "cams": {
        "0": {
          "is_gripper": false,
          "rgb_path": "cam0/rgb_00003.jpg",
          "depth_path": "cam0/depth_00003.png",
          "ts_ms": 1773943872277.1992,
          "n_markers_detected": 2,
          "marker_ids": [
            2,
            1
          ],
          "cube_visible": true,
          "markers": [
            {
              "marker_id": 1,
              "face": "+Z",
              "corners_2d": [
                [
                  271.0,
                  267.0
                ],
                [
                  286.0,
                  271.0
                ],
                [
                  287.0,
                  299.0
                ],
                [
                  273.0,
                  294.0
                ]
              ],
              "rvec": [
                -2.6414749558819652,
                -0.05763150663649889,
                1.3732097498682516
              ],
              "tvec": [
                0.045142301826324234,
                -0.036783265280473904,
                -0.5773971200910897
              ],
              "reproj_error_mean_px": 32.21662203798801,
              "reproj_error_max_px": 50.61007126803889,
              "T_cam_cube_4x4": [
                [
                  0.5767484312160983,
                  -0.041157387150386616,
                  -0.8158843769632583,
                  0.045142301826324234
                ],
                [
                  0.10937507786748943,
                  -0.9858477524164367,
                  0.12704842146575732,
                  -0.036783265280473904
                ],
                [
                  -0.8095667603300246,
                  -0.16251239503008155,
                  -0.5640845521996996,
                  -0.5773971200910897
                ],
                [
                  0.0,
                  0.0,
                  0.0,
                  1.0
                ]
              ]
            }
          ],
          "cube_pnp": {
            "ok": true,
            "rvec": [
              -0.3050477214486531,
              -1.0504571130971818,
              0.0907915082172007
            ],
            "tvec": [
              -0.052256990137733314,
              0.05880172811232766,
              1.012745864255404
            ],
            "used_ids": [
              2,
              1
            ],
            "reproj_mean_px": 1.6314210340069082,
            "T_cam_cube_4x4": [
              [
                0.4977604085071774,
                0.07113814275175823,
                -0.864392237568454,
                -0.052256990137733314
              ],
              [
                0.2183949298737191,
                0.9542364657218562,
                0.2042949389782189,
                0.05880172811232766
              ],
              [
                0.8393677563072227,
                -0.2904688143888967,
                0.45944492329253944,
                1.012745864255404
              ],
              [
                0.0,
                0.0,
                0.0,
                1.0
              ]
            ]
          }
        },
        "1": {
          "is_gripper": false,
          "rgb_path": "cam1/rgb_00003.jpg",
          "depth_path": "cam1/depth_00003.png",
          "ts_ms": 1773943872296.5637,
          "n_markers_detected": 2,
          "marker_ids": [
            3,
            0
          ],
          "cube_visible": true,
          "markers": [
            {
              "marker_id": 3,
              "face": "-Z",
              "corners_2d": [
                [
                  374.0,
                  387.0
                ],
                [
                  369.0,
                  434.0
                ],
                [
                  320.0,
                  430.0
                ],
                [
                  325.0,
                  383.0
                ]
              ],
              "rvec": [
                1.7995276469489832,
                1.9745709334936017,
                -0.7904522973755419
              ],
              "tvec": [
                -0.0008467604420862821,
                -0.0069917492065932774,
                -0.0232678771824138
              ],
              "reproj_error_mean_px": 1576.1952042344947,
