{
  "session_mode": "object_capture",
  "gripper_cam_idx": 2,
  "cam_order": [
    0,
    1,
    2,
    3
  ],
  "image_size": [
    640,
    480
  ],
  "fps": 15,
  "save_depth": true,
  "captures": [
    {
      "event_id": 0,
      "frame_id": "000000",
      "cams": {
        "0": {
          "saved": true,
          "is_gripper": false,
          "rgb_path": "cam0/rgb_000000.jpg",
          "depth_path": "cam0/depth_000000.png",
          "ts_ms": 1778490152361.8882
        },
        "1": {
          "saved": true,
          "is_gripper": false,
          "rgb_path": "cam1/rgb_000000.jpg",
          "depth_path": "cam1/depth_000000.png",
          "ts_ms": 1778490152358.3057
        },
        "2": {
          "saved": true,
          "is_gripper": true,
          "rgb_path": "cam2/rgb_000000.jpg",
          "depth_path": "cam2/depth_000000.png",
          "ts_ms": 1778490152390.554,
          "T_base_ee_path": "cam2/T_base_ee_000000.npy"
        },
        "3": {
          "saved": true,
          "is_gripper": false,
          "rgb_path": "cam3/rgb_000000.jpg",
          "depth_path": "cam3/depth_000000.png",
          "ts_ms": 1778490152375.839
        }
      },
      "pose_index": 0,
      "capture_pose_6dof": [
        -46.422,
        548.643,
        339.51,
        -85.87428408063313,
        -0.3658908479705437,
        -179.23884541701153
      ],
      "robot_pose_6dof": [
        -46.422,
        548.643,
        339.51,
        -85.87428408063313,
        -0.3658908479705437,
        -179.23884541701153
      ],
      "capture_pose_matrix_4x4": [
        [
          0.07194364894068256,
          -0.9973144781021842,
          0.013709235750690133,
          -0.046422
        ],
        [
          -0.9973882548613955,
          -0.07202338040582638,
          -0.0054131081143463065,
          0.548643
        ],
        [
          0.006385956595515095,
          -0.013283991971007797,
          -0.9998913716577791,
          0.33951
        ],
        [
          0.0,
          0.0,
          0.0,
          1.0
        ]
      ],
      "robot_pose_matrix_4x4": [
        [
          0.07194364894068256,
          -0.9973144781021842,
          0.013709235750690133,
          -0.046422
        ],
        [
          -0.9973882548613955,
          -0.07202338040582638,
          -0.0054131081143463065,
          0.548643
        ],
        [
          0.006385956595515095,
          -0.013283991971007797,
          -0.9998913716577791,
          0.33951
        ],
        [
          0.0,
          0.0,
          0.0,
          1.0
        ]
      ],
      "robot_joints_6dof": [
        15.57340655940594,
        -20.841970915841586,
        -75.30886448019801,
        -0.6766707920792079,
        -84.3592202970297,
        191.51477413366337
      ]
    },
    {
      "event_id": 1,
      "frame_id": "000001",
      "cams": {
        "0": {
          "saved": true,
          "is_gripper": false,
          "rgb_path": "cam0/rgb_000001.jpg",
          "depth_path": "cam0/depth_000001.png",
          "ts_ms": 1778490210226.816
        },
        "1": {
          "saved": true,
          "is_gripper": false,
          "rgb_path": "cam1/rgb_000001.jpg",
          "depth_path": "cam1/depth_000001.png",
          "ts_ms": 1778490210223.3313
        },
        "2": {
          "saved": true,
          "is_gripper": true,
          "rgb_path": "cam2/rgb_000001.jpg",
          "depth_path": "cam2/depth_000001.png",
          "ts_ms": 1778490210242.7793,
          "T_base_ee_path": "cam2/T_base_ee_000001.npy"
        },
        "3": {
          "saved": true,
          "is_gripper": false,
          "rgb_path": "cam3/rgb_000001.jpg",
          "depth_path": "cam3/depth_000001.png",
          "ts_ms": 1778490210307.4734
        }
      },
      "pose_index": 1,
      "capture_pose_6dof": [
        183.57399999999998,
        563.6320000000001,
        249.518,
        -85.8741121932946,
        -0.36554707329346525,
        150.76163978763984
      ],
      "robot_pose_6dof": [
        183.57399999999998,
        563.6320000000001,
        249.518,
        -85.8741121932946,
        -0.36554707329346525,
        150.76163978763984
      ],
      "capture_pose_matrix_4x4": [
        [
          0.07194664386057331,
          -0.8705580238802924,
          -0.4867775749711978,
          0.183574
        ],
        [
          -0.9973880772244472,
          -0.05967340238378101,
          -0.04069531248760474,
          0.563632
        ],
        [
          0.006379956717742756,
          0.4884340406908425,
          -0.8725774945795337,
          0.249518
        ],
        [
          0.0,
          0.0,
          0.0,
          1.0
        ]
      ],
      "robot_pose_matrix_4x4": [
        [
          0.07194664386057331,
          -0.8705580238802924,
          -0.4867775749711978,
          0.183574
        ],
        [
          -0.9973880772244472,
          -0.05967340238378101,
          -0.04069531248760474,
          0.563632
        ],
        [
          0.006379956717742756,
          0.4884340406908425,
          -0.8725774945795337,
          0.249518
        ],
        [
          0.0,
          0.0,
          0.0,
          1.0
        ]
      ],
      "robot_joints_6dof": [
        -18.914294554455445,
        -34.42226175742574,
        -64.66731126237623,
        26.615717821782177,
        -93.20884900990099,
        155.65679146039602
      ]
    },
    {
      "event_id": 2,
      "frame_id": "000002",
      "cams": {
        "0": {
          "saved": true,
          "is_gripper": false,
          "rgb_path": "cam0/rgb_000002.jpg",
          "depth_path": "cam0/depth_000002.png",
          "ts_ms": 1778490260495.8293
        },
        "1": {
          "saved": true,
          "is_gripper": false,
          "rgb_path": "cam1/rgb_000002.jpg",
          "depth_path": "cam1/depth_000002.png",
          "ts_ms": 1778490260559.6243
        },
        "2": {
          "saved": true,
          "is_gripper": true,
          "rgb_path": "cam2/rgb_000002.jpg",
          "depth_path": "cam2/depth_000002.png",
          "ts_ms": 1778490260553.3018,
          "T_base_ee_path": "cam2/T_base_ee_000002.npy"
        },
        "3": {
          "saved": true,
          "is_gripper": false,
          "rgb_path": "cam3/rgb_000002.jpg",
          "depth_path": "cam3/depth_000002.png",
          "ts_ms": 1778490260576.781
        }
      },
      "pose_index": 2,
      "capture_pose_6dof": [
        23.578000000000003,
        673.6189999999999,
        299.519,
        -55.874042040244696,
        -0.36560436907297833,
        160.76164407339667
      ],
      "robot_pose_6dof": [
        23.578000000000003,
        673.6189999999999,
        299.519,
        -55.874042040244696,
        -0.36560436907297833,
        160.76164407339667
      ],
      "capture_pose_matrix_4x4": [
        [
          0.5610026698801599,
          -0.7827577832582018,
          -0.26938124867191215,
          0.023578
        ],
        [
          -0.827789398204011,
          -0.5279443450507273,
          -0.18984067201208527,
          0.673619
        ],
        [
          0.006380956697387435,
          0.32949206557619076,
          -0.9441367814644028,
          0.299519
        ],
        [
          0.0,
          0.0,
          0.0,
          1.0
        ]
      ],
      "robot_pose_matrix_4x4": [
        [
          0.5610026698801599,
          -0.7827577832582018,
          -0.26938124867191215,
          0.023578
        ],
        [
          -0.827789398204011,
          -0.5279443450507273,
          -0.18984067201208527,
          0.673619
        ],
        [
          0.006380956697387435,
          0.32949206557619076,
          -0.9441367814644028,
          0.299519
        ],
        [
          0.0,
          0.0,
          0.0,
          1.0
        ]
      ],
      "robot_joints_6dof": [
        1.0393719059405941,
        -44.32495358910891,
        -38.69345606435644,
        16.60628094059406,
        -107.35628094059405,
        150.51400061881188
      ]
    },
    {
      "event_id": 3,
      "frame_id": "000003",
      "cams": {
        "0": {
          "saved": true,
          "is_gripper": false,
          "rgb_path": "cam0/rgb_000003.jpg",
          "depth_path": "cam0/depth_000003.png",
          "ts_ms": 1778490465123.7263
        },
        "1": {
          "saved": true,
          "is_gripper": false,
          "rgb_path": "cam1/rgb_000003.jpg",
          "depth_path": "cam1/depth_000003.png",
          "ts_ms": 1778490465187.3464
        },
        "2": {
          "saved": true,
          "is_gripper": true,
          "rgb_path": "cam2/rgb_000003.jpg",
          "depth_path": "cam2/depth_000003.png",
          "ts_ms": 1778490465188.4326,
          "T_base_ee_path": "cam2/T_base_ee_000003.npy"
        },
        "3": {
          "saved": true,
          "is_gripper": false,
          "rgb_path": "cam3/rgb_000003.jpg",
          "depth_path": "cam3/depth_000003.png",
          "ts_ms": 1778490465205.7651
        }
      },
      "pose_index": 3,
      "capture_pose_6dof": [
        -16.407999999999998,
        703.5709999999999,
        369.53200000000004,
        -5.620773266012889,
        23.946427272815676,
        165.8410295187904
      ],
      "robot_pose_6dof": [
        -16.407999999999998,
        703.5709999999999,
        369.53200000000004,
        -5.620773266012889,
        23.946427272815676,
        165.8410295187904
      ],
      "capture_pose_matrix_4x4": [
        [
          0.9095311708086202,
          0.0038384923037629265,
          -0.4156179920363576,
          -0.016408
        ],
        [
          -0.08951325452800503,
          -0.9746830424066335,
          -0.20489105424286647,
          0.703571
        ],
        [
          -0.40588228169175417,
          0.22355811956129581,
          -0.8861610127888233,
          0.369532
        ],
        [
          0.0,
          0.0,
          0.0,
          1.0
        ]
      ],
      "robot_pose_matrix_4x4": [
        [
          0.9095311708086202,
          0.0038384923037629265,
          -0.4156179920363576,
          -0.016408
        ],
        [
          -0.08951325452800503,
          -0.9746830424066335,
          -0.20489105424286647,
          0.703571
        ],
        [
          -0.40588228169175417,
          0.22355811956129581,
          -0.8861610127888233,
          0.369532
        ],
        [
          0.0,
          0.0,
          0.0,
          1.0
        ]
      ],
      "robot_joints_6dof": [
        0.7133353960396039,
        -55.14402846534653,
        -3.916383044554455,
        32.4583849009901,
        -128.8210860148515,
        112.26214418316832
      ]
    },
    {
      "event_id": 4,
      "frame_id": "000004",
      "cams": {
        "0": {
          "saved": true,
          "is_gripper": false,
          "rgb_path": "cam0/rgb_000004.jpg",
          "depth_path": "cam0/depth_000004.png",
          "ts_ms": 1778490654287.1829
        },
        "1": {
          "saved": true,
          "is_gripper": false,
          "rgb_path": "cam1/rgb_000004.jpg",
          "depth_path": "cam1/depth_000004.png",
          "ts_ms": 1778490654283.3508
        },
        "2": {
          "saved": true,
          "is_gripper": true,
          "rgb_path": "cam2/rgb_000004.jpg",
          "depth_path": "cam2/depth_000004.png",
          "ts_ms": 1778490654335.8625,
          "T_base_ee_path": "cam2/T_base_ee_000004.npy"
        },
        "3": {
          "saved": true,
          "is_gripper": false,
          "rgb_path": "cam3/rgb_000004.jpg",
          "depth_path": "cam3/depth_000004.png",
          "ts_ms": 1778490654302.844
        }
      },
      "pose_index": 4,
      "capture_pose_6dof": [
        -276.399,
        643.536,
        319.543,
        -79.7150450787563,
        -13.27199436641039,
        -150.1825513441011
      ],
      "robot_pose_6dof": [
        -276.399,
        643.536,
        319.543,
        -79.7150450787563,
        -13.27199436641039,
        -150.1825513441011
      ],
      "capture_pose_matrix_4x4": [
        [
          0.17377516273593488,
          -0.8332918918865113,
          0.5248112191372227,
          -0.276399
        ],
        [
          -0.9576523158058399,
          -0.2672259223081769,
          -0.10720237160742424,
          0.643536
        ],
        [
          0.22957402912309444,
          -0.4839575697958891,
          -0.8444411381437108,
          0.319543
        ],
        [
          0.0,
          0.0,
          0.0,
          1.0
        ]
      ],
      "robot_pose_matrix_4x4": [
        [
          0.17377516273593488,
          -0.8332918918865113,
          0.5248112191372227,
          -0.276399
        ],
        [
          -0.9576523158058399,
          -0.2672259223081769,
          -0.10720237160742424,
          0.643536
        ],
        [
          0.22957402912309444,
          -0.4839575697958891,
          -0.8444411381437108,
          0.319543
        ],
        [
          0.0,
          0.0,
          0.0,
          1.0
        ]
      ],
      "robot_joints_6dof": [
        37.19322400990099,
        -56.15973081683168,
        -25.832766089108908,
        -24.36246905940594,
        -121.08810334158414,
        194.9278310643564
      ]
    },
    {
      "event_id": 5,
      "frame_id": "000005",
      "cams": {
        "0": {
          "saved": true,
          "is_gripper": false,
          "rgb_path": "cam0/rgb_000005.jpg",
          "depth_path": "cam0/depth_000005.png",
          "ts_ms": 1778490684929.153
        },
        "1": {
          "saved": true,
          "is_gripper": false,
          "rgb_path": "cam1/rgb_000005.jpg",
          "depth_path": "cam1/depth_000005.png",
          "ts_ms": 1778490684992.59
        },
        "2": {
          "saved": true,
          "is_gripper": true,
          "rgb_path": "cam2/rgb_000005.jpg",
          "depth_path": "cam2/depth_000005.png",
          "ts_ms": 1778490684959.2263,
          "T_base_ee_path": "cam2/T_base_ee_000005.npy"
        },
        "3": {
          "saved": true,
          "is_gripper": false,
          "rgb_path": "cam3/rgb_000005.jpg",
          "depth_path": "cam3/depth_000005.png",
          "ts_ms": 1778490684944.9346
        }
      },
      "pose_index": 5,
      "capture_pose_6dof": [
        -226.392,
        643.528,
        319.544,
        -99.71562660806504,
        -13.272280845307954,
        -150.181978386306
      ],
      "robot_pose_6dof": [
        -226.392,
        643.528,
        319.544,
        -99.71562660806504,
        -13.272280845307954,
        -150.181978386306
      ],
      "capture_pose_matrix_4x4": [
        [
          -0.16425068733779266,
          -0.8744303893675084,
          0.45650104694255655,
          -0.22639199999999998
        ],
        [
          -0.959330622056368,
          0.033896072679957555,
          -0.28024241977583886,
          0.643528
        ],
        [
          0.22957889557623795,
          -0.4839654434021738,
          -0.8444353026126588,
          0.319544
        ],
        [
          0.0,
          0.0,
          0.0,
          1.0
        ]
      ],
      "robot_pose_matrix_4x4": [
        [
          -0.16425068733779266,
          -0.8744303893675084,
          0.45650104694255655,
          -0.22639199999999998
        ],
        [
          -0.959330622056368,
          0.033896072679957555,
          -0.28024241977583886,
          0.643528
        ],
        [
          0.22957889557623795,
          -0.4839654434021738,
          -0.8444353026126588,
          0.319544
        ],
        [
          0.0,
          0.0,
          0.0,
          1.0
        ]
      ],
      "robot_joints_6dof": [
        31.892404084158414,
        -57.67759900990099,
        -20.97284962871287,
        -18.08168316831683,
        -129.48893873762376,
        210.00440903465346
      ]
    },
    {
      "event_id": 6,
      "frame_id": "000006",
      "cams": {
        "0": {
          "saved": true,
          "is_gripper": false,
          "rgb_path": "cam0/rgb_000006.jpg",
          "depth_path": "cam0/depth_000006.png",
          "ts_ms": 1778490752596.719
        },
        "1": {
          "saved": true,
          "is_gripper": false,
          "rgb_path": "cam1/rgb_000006.jpg",
          "depth_path": "cam1/depth_000006.png",
          "ts_ms": 1778490752592.9087
        },
        "2": {
          "saved": true,
          "is_gripper": true,
          "rgb_path": "cam2/rgb_000006.jpg",
          "depth_path": "cam2/depth_000006.png",
          "ts_ms": 1778490752677.3389,
          "T_base_ee_path": "cam2/T_base_ee_000006.npy"
        },
        "3": {
          "saved": true,
          "is_gripper": false,
          "rgb_path": "cam3/rgb_000006.jpg",
          "depth_path": "cam3/depth_000006.png",
          "ts_ms": 1778490752679.9294
        }
      },
      "pose_index": 6,
      "capture_pose_6dof": [
        -196.387,
        668.515,
        259.553,
        -91.52966399747193,
        -17.604873100528213,
        -152.36632268446274
      ],
      "robot_pose_6dof": [
        -196.387,
        668.515,
        259.553,
        -91.52966399747193,
        -17.604873100528213,
        -152.36632268446274
      ],
      "capture_pose_matrix_4x4": [
        [
          -0.02544426338860865,
          -0.8893601521954229,
          0.4564987504337178,
          -0.196387
        ],
        [
          -0.9528252757973718,
          -0.1165823702561809,
          -0.2802365870958214,
          0.668515
        ],
        [
          0.30245096009481304,
          -0.44209396131635337,
          -0.8444384797635293,
          0.259553
        ],
        [
          0.0,
          0.0,
          0.0,
          1.0
        ]
      ],
      "robot_pose_matrix_4x4": [
        [
          -0.02544426338860865,
          -0.8893601521954229,
          0.4564987504337178,
          -0.196387
        ],
        [
          -0.9528252757973718,
          -0.1165823702561809,
          -0.2802365870958214,
          0.668515
        ],
        [
          0.30245096009481304,
          -0.44209396131635337,
          -0.8444384797635293,
          0.259553
        ],
        [
          0.0,
          0.0,
          0.0,
          1.0
        ]
      ],
      "robot_joints_6dof": [
        29.070621905940595,
        -57.4009900990099,
        -30.869972153465344,
        -17.57139542079208,
        -119.47254022277228,
        201.3353186881188
      ]
    },
    {
      "event_id": 7,
      "frame_id": "000007",
      "cams": {
        "0": {
          "saved": true,
          "is_gripper": false,
          "rgb_path": "cam0/rgb_000007.jpg",
          "depth_path": "cam0/depth_000007.png",
          "ts_ms": 1778490777190.798
        },
        "1": {
          "saved": true,
          "is_gripper": false,
          "rgb_path": "cam1/rgb_000007.jpg",
          "depth_path": "cam1/depth_000007.png",
          "ts_ms": 1778490777186.8958
        },
        "2": {
          "saved": true,
          "is_gripper": true,
          "rgb_path": "cam2/rgb_000007.jpg",
          "depth_path": "cam2/depth_000007.png",
          "ts_ms": 1778490777229.4893,
          "T_base_ee_path": "cam2/T_base_ee_000007.npy"
        },
        "3": {
          "saved": true,
          "is_gripper": false,
          "rgb_path": "cam3/rgb_000007.jpg",
          "depth_path": "cam3/depth_000007.png",
          "ts_ms": 1778490777207.0195
        }
      },
      "pose_index": 7,
      "capture_pose_6dof": [
        -156.386,
        678.51,
        259.561,
        -106.5293552993198,
        -17.604357438512597,
        -152.36672375491935
      ],
      "robot_pose_6dof": [
        -156.386,
        678.51,
        259.561,
        -106.5293552993198,
        -17.604357438512597,
        -152.36672375491935
      ],
      "capture_pose_matrix_4x4": [
        [
          -0.2711824503721557,
          -0.8892317579648054,
          0.368411399439506,
          -0.156386
        ],
        [
          -0.9137771524958699,
          0.1175751682526221,
          -0.38882823378312914,
          0.67851
        ],
        [
          0.3024423815980383,
          -0.44208931273803653,
          -0.8444439859316407,
          0.259561
        ],
        [
          0.0,
          0.0,
          0.0,
          1.0
        ]
      ],
      "robot_pose_matrix_4x4": [
        [
          -0.2711824503721557,
          -0.8892317579648054,
          0.368411399439506,
          -0.156386
        ],
        [
          -0.9137771524958699,
          0.1175751682526221,
          -0.38882823378312914,
          0.67851
        ],
        [
          0.3024423815980383,
          -0.44208931273803653,
          -0.8444439859316407,
          0.259561
        ],
        [
          0.0,
          0.0,
          0.0,
          1.0
        ]
      ],
      "robot_joints_6dof": [
        24.263845915841586,
        -61.17164294554455,
        -21.52862004950495,
        -12.827274133663366,
        -127.52227722772275,
        211.34800433168314
      ]
    },
    {
      "event_id": 8,
      "frame_id": "000008",
      "cams": {
        "0": {
          "saved": true,
          "is_gripper": false,
          "rgb_path": "cam0/rgb_000008.jpg",
          "depth_path": "cam0/depth_000008.png",
          "ts_ms": 1778490822817.4167
        },
        "1": {
          "saved": true,
          "is_gripper": false,
          "rgb_path": "cam1/rgb_000008.jpg",
          "depth_path": "cam1/depth_000008.png",
          "ts_ms": 1778490822813.5095
        },
        "2": {
          "saved": true,
          "is_gripper": true,
          "rgb_path": "cam2/rgb_000008.jpg",
          "depth_path": "cam2/depth_000008.png",
          "ts_ms": 1778490822863.8433,
          "T_base_ee_path": "cam2/T_base_ee_000008.npy"
        },
        "3": {
          "saved": true,
          "is_gripper": false,
          "rgb_path": "cam3/rgb_000008.jpg",
          "depth_path": "cam3/depth_000008.png",
          "ts_ms": 1778490822833.778
        }
      },
      "pose_index": 8,
      "capture_pose_6dof": [
        -216.384,
        588.499,
        319.564,
        -102.84592422598277,
        -2.3429963116284753,
        -147.68817958299908
      ],
      "robot_pose_6dof": [
        -216.384,
        588.499,
        319.564,
        -102.84592422598277,
        -2.3429963116284753,
        -147.68817958299908
      ],
      "capture_pose_matrix_4x4": [
        [
          -0.22214416840361112,
          -0.8288570933487949,
          0.5134665395618837,
          -0.216384
        ],
        [
          -0.9741563852449414,
          0.16659720263642977,
          -0.1525277324299628,
          0.588499
        ],
        [
          0.04088160381856414,
          -0.5340798544029757,
          -0.8444450269793283,
          0.319564
        ],
        [
          0.0,
          0.0,
          0.0,
          1.0
        ]
      ],
      "robot_pose_matrix_4x4": [
        [
          -0.22214416840361112,
          -0.8288570933487949,
          0.5134665395618837,
          -0.216384
        ],
        [
          -0.9741563852449414,
          0.16659720263642977,
          -0.1525277324299628,
          0.588499
        ],
        [
          0.04088160381856414,
          -0.5340798544029757,
          -0.8444450269793283,
          0.319564
        ],
        [
          0.0,
          0.0,
          0.0,
          1.0
        ]
      ],
      "robot_joints_6dof": [
        35.54981435643564,
        -41.5990099009901,
        -53.96658415841584,
        -20.472540222772274,
        -109.80027846534654,
        225.0893409653465
      ]
    },
    {
      "event_id": 9,
      "frame_id": "000009",
      "cams": {
        "0": {
          "saved": true,
          "is_gripper": false,
          "rgb_path": "cam0/rgb_000009.jpg",
          "depth_path": "cam0/depth_000009.png",
          "ts_ms": 1778490833770.5793
        },
        "1": {
          "saved": true,
          "is_gripper": false,
          "rgb_path": "cam1/rgb_000009.jpg",
          "depth_path": "cam1/depth_000009.png",
          "ts_ms": 1778490833766.5762
        },
        "2": {
          "saved": true,
          "is_gripper": true,
          "rgb_path": "cam2/rgb_000009.jpg",
          "depth_path": "cam2/depth_000009.png",
          "ts_ms": 1778490833805.6035,
          "T_base_ee_path": "cam2/T_base_ee_000009.npy"
        },
        "3": {
          "saved": true,
          "is_gripper": false,
          "rgb_path": "cam3/rgb_000009.jpg",
          "depth_path": "cam3/depth_000009.png",
          "ts_ms": 1778490833786.9363
        }
      },
      "pose_index": 9,
      "capture_pose_6dof": [
        -216.382,
        588.4970000000001,
        319.56600000000003,
        -92.84609182756452,
        -2.342939015848962,
        -147.6882368787786
      ],
      "robot_pose_6dof": [
        -216.382,
        588.4970000000001,
        319.56600000000003,
        -92.84609182756452,
        -2.342939015848962,
        -147.6882368787786
      ],
      "capture_pose_matrix_4x4": [
        [
          -0.0496117394488213,
          -0.845194639036455,
          0.5321510100083428,
          -0.21638200000000002
        ],
        [
          -0.9979315865689098,
          0.020139759811415452,
          -0.06104865766581202,
          0.588497
        ],
        [
          0.04088060465454592,
          -0.5340790318096895,
          -0.844445595609512,
          0.319566
        ],
        [
          0.0,
          0.0,
          0.0,
          1.0
        ]
      ],
      "robot_pose_matrix_4x4": [
        [
          -0.0496117394488213,
          -0.845194639036455,
          0.5321510100083428,
          -0.21638200000000002
        ],
        [
          -0.9979315865689098,
          0.020139759811415452,
          -0.06104865766581202,
          0.588497
        ],
        [
          0.04088060465454592,
          -0.5340790318096895,
          -0.844445595609512,
          0.319566
        ],
        [
          0.0,
          0.0,
          0.0,
          1.0
        ]
      ],
      "robot_joints_6dof": [
        36.633972772277225,
        -39.16731126237624,
        -59.273669554455445,
        -23.71712561881188,
        -103.8037592821782,
        217.65408415841583
      ]
    },
    {
      "event_id": 10,
      "frame_id": "000010",
      "cams": {
        "0": {
          "saved": true,
          "is_gripper": false,
          "rgb_path": "cam0/rgb_000010.jpg",
          "depth_path": "cam0/depth_000010.png",
          "ts_ms": 1778490848016.1016
        },
        "1": {
          "saved": true,
          "is_gripper": false,
          "rgb_path": "cam1/rgb_000010.jpg",
          "depth_path": "cam1/depth_000010.png",
          "ts_ms": 1778490848012.111
        },
        "2": {
          "saved": true,
          "is_gripper": true,
          "rgb_path": "cam2/rgb_000010.jpg",
          "depth_path": "cam2/depth_000010.png",
          "ts_ms": 1778490848016.1252,
          "T_base_ee_path": "cam2/T_base_ee_000010.npy"
        },
        "3": {
          "saved": true,
          "is_gripper": false,
          "rgb_path": "cam3/rgb_000010.jpg",
          "depth_path": "cam3/depth_000010.png",
          "ts_ms": 1778490848032.741
        }
      },
      "pose_index": 10,
      "capture_pose_6dof": [
        -216.381,
        568.493,
        279.56399999999996,
        -92.846034531785,
        -2.34345467786458,
        -147.68800769566053
      ],
      "robot_pose_6dof": [
        -216.381,
        568.493,
        279.56399999999996,
        -92.846034531785,
        -2.34345467786458,
        -147.68800769566053
      ],
      "capture_pose_matrix_4x4": [
        [
          -0.04961072324687472,
          -0.8451927692302368,
          0.5321540744745321,
          -0.216381
        ],
        [
          -0.9979312686681038,
          0.020133869612097198,
          -0.061055796685592946,
          0.568493
        ],
        [
          0.04088959712923813,
          -0.5340822128992566,
          -0.8444431483002524,
          0.279564
        ],
        [
          0.0,
          0.0,
          0.0,
          1.0
        ]
      ],
      "robot_pose_matrix_4x4": [
        [
          -0.04961072324687472,
          -0.8451927692302368,
          0.5321540744745321,
          -0.216381
        ],
        [
          -0.9979312686681038,
          0.020133869612097198,
          -0.061055796685592946,
          0.568493
        ],
        [
          0.04088959712923813,
          -0.5340822128992566,
          -0.8444431483002524,
          0.279564
        ],
        [
          0.0,
          0.0,
          0.0,
          1.0
        ]
      ],
      "robot_joints_6dof": [
        37.7190594059406,
        -37.348468440594054,
        -68.5414603960396,
        -22.755027846534652,
        -97.37585086633663,
        221.63358601485146
      ]
    },
    {
      "event_id": 11,
      "frame_id": "000011",
      "cams": {
        "0": {
          "saved": true,
          "is_gripper": false,
          "rgb_path": "cam0/rgb_000011.jpg",
          "depth_path": "cam0/depth_000011.png",
          "ts_ms": 1778490875096.4507
        },
        "1": {
          "saved": true,
          "is_gripper": false,
          "rgb_path": "cam1/rgb_000011.jpg",
          "depth_path": "cam1/depth_000011.png",
          "ts_ms": 1778490875092.3867
        },
        "2": {
          "saved": true,
          "is_gripper": true,
          "rgb_path": "cam2/rgb_000011.jpg",
          "depth_path": "cam2/depth_000011.png",
          "ts_ms": 1778490875103.2798,
          "T_base_ee_path": "cam2/T_base_ee_000011.npy"
        },
        "3": {
          "saved": true,
          "is_gripper": false,
          "rgb_path": "cam3/rgb_000011.jpg",
          "depth_path": "cam3/depth_000011.png",
          "ts_ms": 1778490875113.0237
        }
      },
      "pose_index": 11,
      "capture_pose_6dof": [
        -216.375,
        508.48400000000004,
        299.56899999999996,
        -92.84574805288743,
        7.656664199451243,
        -147.68817958299908
      ],
      "robot_pose_6dof": [
        -216.375,
        508.48400000000004,
        299.56899999999996,
        -92.84574805288743,
        7.656664199451243,
        -147.68817958299908
      ],
      "capture_pose_matrix_4x4": [
        [
          -0.049204612878496076,
          -0.8405735424834376,
          0.5394580852562338,
          -0.216375
        ],
        [
          -0.9898620664469996,
          0.11309016077269601,
          0.08592848739318831,
          0.508484
        ],
        [
          -0.13323661464009393,
          -0.5297610170758607,
          -0.8376164213445175,
          0.299569
        ],
        [
          0.0,
          0.0,
          0.0,
          1.0
        ]
      ],
      "robot_pose_matrix_4x4": [
        [
          -0.049204612878496076,
          -0.8405735424834376,
          0.5394580852562338,
          -0.216375
        ],
        [
          -0.9898620664469996,
          0.11309016077269601,
          0.08592848739318831,
          0.508484
        ],
        [
          -0.13323661464009393,
          -0.5297610170758607,
          -0.8376164213445175,
          0.299569
        ],
        [
          0.0,
          0.0,
          0.0,
          1.0
        ]
      ],
      "robot_joints_6dof": [
        43.032874381188115,
        -27.282642326732674,
        -83.9134436881188,
        -26.938737623762375,
        -88.95830754950495,
        233.47161200495046
      ]
    },
    {
      "event_id": 12,
      "frame_id": "000012",
      "cams": {
        "0": {
          "saved": true,
          "is_gripper": false,
          "rgb_path": "cam0/rgb_000012.jpg",
          "depth_path": "cam0/depth_000012.png",
          "ts_ms": 1778490903318.792
        },
        "1": {
          "saved": true,
          "is_gripper": false,
          "rgb_path": "cam1/rgb_000012.jpg",
          "depth_path": "cam1/depth_000012.png",
          "ts_ms": 1778490903314.9207
        },
        "2": {
          "saved": true,
          "is_gripper": true,
          "rgb_path": "cam2/rgb_000012.jpg",
          "depth_path": "cam2/depth_000012.png",
          "ts_ms": 1778490903323.722,
          "T_base_ee_path": "cam2/T_base_ee_000012.npy"
        },
        "3": {
          "saved": true,
          "is_gripper": false,
          "rgb_path": "cam3/rgb_000012.jpg",
          "depth_path": "cam3/depth_000012.png",
          "ts_ms": 1778490903335.7175
        }
      },
      "pose_index": 12,
      "capture_pose_6dof": [
        -366.37199999999996,
        508.48199999999997,
        259.56800000000004,
        -92.84557616554889,
        7.656320424774164,
        -132.68785802757657
      ],
      "robot_pose_6dof": [
        -366.37199999999996,
        508.48199999999997,
        259.56800000000004,
        -92.84557616554889,
        7.656320424774164,
        -132.68785802757657
      ],
      "capture_pose_matrix_4x4": [
        [
          -0.049201682977787535,
          -0.6723061331385287,
          0.7386363501321016,
          -0.366372
        ],
        [
          -0.9898630124725405,
          0.1314705550314211,
          0.05372810901675983,
          0.508482
        ],
        [
          -0.13323066813215356,
          -0.7285052892766455,
          -0.6719595468218386,
          0.259568
        ],
        [
          0.0,
          0.0,
          0.0,
          1.0
        ]
      ],
      "robot_pose_matrix_4x4": [
        [
          -0.049201682977787535,
          -0.6723061331385287,
          0.7386363501321016,
          -0.366372
        ],
        [
          -0.9898630124725405,
          0.1314705550314211,
          0.05372810901675983,
          0.508482
        ],
        [
          -0.13323066813215356,
          -0.7285052892766455,
          -0.6719595468218386,
          0.259568
        ],
        [
          0.0,
          0.0,
          0.0,
          1.0
        ]
      ],
      "robot_joints_6dof": [
        53.62476794554455,
        -46.14124381188118,
        -62.776299504950494,
        -30.46875,
        -108.33624690594058,
        239.99535891089107
      ]
    },
    {
      "event_id": 13,
      "frame_id": "000013",
      "cams": {
        "0": {
          "saved": true,
          "is_gripper": false,
          "rgb_path": "cam0/rgb_000013.jpg",
          "depth_path": "cam0/depth_000013.png",
          "ts_ms": 1778490942360.0764
        },
        "1": {
          "saved": true,
          "is_gripper": false,
          "rgb_path": "cam1/rgb_000013.jpg",
          "depth_path": "cam1/depth_000013.png",
          "ts_ms": 1778490942423.235
        },
        "2": {
          "saved": true,
          "is_gripper": true,
          "rgb_path": "cam2/rgb_000013.jpg",
          "depth_path": "cam2/depth_000013.png",
          "ts_ms": 1778490942420.4863,
          "T_base_ee_path": "cam2/T_base_ee_000013.npy"
        },
        "3": {
          "saved": true,
          "is_gripper": false,
          "rgb_path": "cam3/rgb_000013.jpg",
          "depth_path": "cam3/depth_000013.png",
          "ts_ms": 1778490942377.048
        }
      },
      "pose_index": 13,
      "capture_pose_6dof": [
        -336.364,
        438.474,
        259.57599999999996,
        -72.84539570669676,
        7.656320424774164,
        -132.6875142528995
      ],
      "robot_pose_6dof": [
        -336.364,
        438.474,
        259.57599999999996,
        -72.84539570669676,
        7.656320424774164,
        -132.6875142528995
      ],
      "capture_pose_matrix_4x4": [
        [
          0.2923216136290334,
          -0.6767223008757349,
          0.675718137763646,
          -0.336364
        ],
        [
          -0.9469940143814943,
          -0.10640064230654295,
          0.30311918455019815,
          0.438474
        ],
        [
          -0.13323066813215356,
          -0.7285093210208132,
          -0.6719551757780077,
          0.259576
        ],
        [
          0.0,
          0.0,
          0.0,
          1.0
        ]
      ],
      "robot_pose_matrix_4x4": [
        [
          0.2923216136290334,
          -0.6767223008757349,
          0.675718137763646,
          -0.336364
        ],
        [
          -0.9469940143814943,
          -0.10640064230654295,
          0.30311918455019815,
          0.438474
        ],
        [
          -0.13323066813215356,
          -0.7285093210208132,
          -0.6719551757780077,
          0.259576
        ],
        [
          0.0,
          0.0,
          0.0,
          1.0
        ]
      ],
      "robot_joints_6dof": [
        60.055228960396036,
        -32.138845915841586,
        -90.21395420792078,
        -36.867419554455445,
        -90.4137530940594,
        237.17844987623764
      ]
    },
    {
      "event_id": 14,
      "frame_id": "000014",
      "cams": {
        "0": {
          "saved": true,
          "is_gripper": false,
          "rgb_path": "cam0/rgb_000014.jpg",
          "depth_path": "cam0/depth_000014.png",
          "ts_ms": 1778490968297.9194
        },
        "1": {
          "saved": true,
          "is_gripper": false,
          "rgb_path": "cam1/rgb_000014.jpg",
          "depth_path": "cam1/depth_000014.png",
          "ts_ms": 1778490968293.7864
        },
        "2": {
          "saved": true,
          "is_gripper": true,
          "rgb_path": "cam2/rgb_000014.jpg",
          "depth_path": "cam2/depth_000014.png",
          "ts_ms": 1778490968306.4937,
          "T_base_ee_path": "cam2/T_base_ee_000014.npy"
        },
        "3": {
          "saved": true,
          "is_gripper": false,
          "rgb_path": "cam3/rgb_000014.jpg",
          "depth_path": "cam3/depth_000014.png",
          "ts_ms": 1778490968314.983
        }
      },
      "pose_index": 14,
      "capture_pose_6dof": [
        -296.359,
        388.473,
        259.577,
        -57.845589813289855,
        7.6562631289946514,
        -132.68762884445852
      ],
      "robot_pose_6dof": [
        -296.359,
        388.473,
        259.577,
        -57.845589813289855,
        7.6562631289946514,
        -132.68762884445852
      ],
      "capture_pose_matrix_4x4": [
        [
          0.5274583110168262,
          -0.6261267373168754,
          0.5742412724249291,
          -0.296359
        ],
        [
          -0.8390694746522607,
          -0.27792317898392427,
          0.46767630182664666,
          0.388473
        ],
        [
          -0.13322967704703054,
          -0.7285080750413093,
          -0.6719567231254924,
          0.259577
        ],
        [
          0.0,
          0.0,
          0.0,
          1.0
        ]
      ],
      "robot_pose_matrix_4x4": [
        [
          0.5274583110168262,
          -0.6261267373168754,
          0.5742412724249291,
          -0.296359
        ],
        [
          -0.8390694746522607,
          -0.27792317898392427,
          0.46767630182664666,
          0.388473
        ],
        [
          -0.13322967704703054,
          -0.7285080750413093,
          -0.6719567231254924,
          0.259577
        ],
        [
          0.0,
          0.0,
          0.0,
          1.0
        ]
      ],
      "robot_joints_6dof": [
        64.17465965346534,
        -21.403310643564353,
        -109.15841584158416,
        -43.22199876237624,
        -78.51887376237623,
        235.73553527227722
      ]
    },
    {
      "event_id": 15,
      "frame_id": "000015",
      "cams": {
        "0": {
          "saved": true,
          "is_gripper": false,
